0.19672511395765468
0.1946084460359998
0.13627426698803902
0.19321510597364977
0.17200724896974862
0.19278781302273273
0.13137421500869095
0.194446447014343
0.1291659550042823
0.1302447320194915
0.15005483600543812
0.19836639502318576
0.19194258301286027
0.19286311499308795
0.20145632297499105
0.20560281502548605
0.1914311500149779
0.19874522101599723
0.19253050797851756
0.19671965698944405
0.19317600596696138
0.19450537499506027
0.1906377599807456
0.1905068830237724
0.169800232979469
0.12910943699534982
0.19057256099767983
0.19723635801346973
0.1923387600108981
0.2038734639645554
0.13263510901015252
0.19345298397820443
0.19347600504988804
0.19151570898247883
0.1932905080029741
0.19123958802083507
0.18965280201518908
0.1898412790033035
0.1946406610077247
0.21017622499493882
0.19024183502187952
0.19653161300811917
0.1916858300101012
0.19550357101252303
0.1914577620336786
0.19210014899726957
0.13499518705066293
0.1937289769994095
0.1897596680209972
0.19328322797082365
0.20623337000142783
0.19307324499823153
0.15774041804252192
0.19155147299170494
0.19477958197239786
0.1939812340424396
0.13008074602112174
0.19096197799080983
0.19173856504494324
0.15972599002998322
0.19263836200116202
0.19372037798166275
0.19357309100450948
0.19268171401927248
0.19943692302331328
0.19274050602689385
0.19037178897997364
0.1930251349695027
0.19959726999513805
0.19623796199448407
0.1903393410029821
0.19288925197906792
0.1295747880358249
0.19008890399709344
0.1938017350039445
0.1924388129846193
0.1928142510005273
0.1927611599676311
0.12758029496762902
0.13025864103110507
0.1900490520056337
0.19356241502100602
0.1951476209796965
0.19269230699865147
0.18964378803502768
0.2123828679905273
0.19296844297787175
0.15457135398173705
0.1937814109842293
0.20807535096537322
0.12605049402918667
0.1281502649653703
0.12391362595371902
0.12793232302647084
0.12767183798132464
0.12643832701724023
0.12348253902746364
0.12349717901088297
0.15597114898264408
0.1286160180461593
