0.18436356680467725
0.18300723610445857
0.18239856325089931
0.18139973701909184
0.1803679382428527
0.18114725267514586
0.18045853171497583
0.181267942301929
0.18134999182075262
0.18106170883402228
0.1809170157648623
0.1813164227642119
0.18042372912168503
0.18192507978528738
0.178045064676553
0.18075295025482774
0.18005960900336504
0.1805199491791427
0.18142262287437916
0.18128494126722217
0.18022985477000475
0.18144550314173102
0.18100971868261695
0.16509501030668616
0.164972685277462
0.16538786562159657
0.16125565022230148
0.16631241282448173
0.12803701078519225
0.16676792176440358
0.16202087001875043
0.16394452610984445
0.16402455419301987
0.16565515007823706
0.1646757940761745
0.16400064900517464
0.16172752203419805
0.12732956325635314
0.16538404999300838
0.16433022124692798
0.1639422127045691
0.16256171697750688
0.1653541070409119
0.12740011606365442
0.16352440509945154
0.1642351858317852
0.16455020383000374
0.16622204100713134
0.16515569807961583
0.16431793896481395
0.16546960081905127
0.1657228642143309
0.1276568011380732
0.1657980252057314
0.1624332070350647
0.16106574703007936
0.16479908488690853
0.1630618218332529
0.1637470768764615
0.1676044687628746
0.16693792305886745
0.12549199583008885
0.1670681992545724
0.16476185200735927
0.16652354691177607
0.1659063659608364
0.1654886370524764
0.16698140604421496
0.16226479271426797
0.16590549005195498
0.1663319761864841
0.16487324004992843
0.16609494574368
0.16731460997834802
0.16676084557548165
0.16687497030943632
0.16248893970623612
0.16579182399436831
0.1648590313270688
0.16424117563292384
0.16547923116013408
0.1655935631133616
0.1881981990300119
0.18096042284741998
0.18144460581243038
0.18045476777479053
0.1817768062464893
0.1808804259635508
0.18143359711393714
0.18211345467716455
0.18140829727053642
0.18186081387102604
0.18116289097815752
0.18098597321659327
0.18153395736590028
0.18065273901447654
0.1816561738960445
0.18163624592125416
0.18172648176550865
0.18084518471732736
0.17678717523813248
