0.8652448859065771
0.8569243722595274
0.869072716217488
0.871708913706243
0.8632783400826156
0.85396379372105
0.8574581947177649
0.8541760570369661
0.8599806390702724
0.8543659877032042
0.8408223688602448
0.8370803156867623
0.8736122441478074
0.8419502531178296
0.86294811591506
0.8412184962071478
0.834308953024447
0.866630787961185
0.8666956638917327
0.8567859469912946
0.8408694239333272
0.8565830667503178
0.8365374710410833
0.8110700990073383
0.8009140370413661
0.7965423907153308
0.7996245762333274
0.797177238855511
0.7352798907086253
0.8131806026212871
0.8026242922060192
0.7879364099353552
0.7827832871116698
0.7899785730987787
0.7979877721518278
0.8820628589019179
0.8802425670437515
0.768068048171699
0.8090901141986251
0.7965863132849336
0.79424445098266
0.893046033103019
0.8039502170868218
0.7614733721129596
0.8147741802968085
0.7955943550914526
0.7996478020213544
0.8132347171194851
0.7894242512993515
0.8032511896453798
0.817953831050545
0.8275118111632764
0.8164007891900837
0.8015067181549966
0.7942507760599256
0.7879135301336646
0.7884184340946376
0.7945067347027361
0.7934664669446647
0.8171342210844159
0.8063890552148223
0.8413531170226634
0.7954324828460813
0.7954407236538827
0.8013950819149613
0.7953043468296528
0.8187748701311648
0.886617329902947
0.7960141259245574
0.7875459669157863
0.8194180759601295
0.8015857408754528
0.794953087810427
0.807231929153204
0.792160271666944
0.7948188041336834
0.8973080208525062
0.7983963121660054
0.792290345299989
0.7969169798307121
0.8012830847874284
0.7883611246943474
0.9357521208003163
0.8721406701952219
0.8557345867156982
0.8536374871619046
0.8633206589147449
0.8737287879921496
0.8596468581818044
0.8458513948135078
0.8387885959818959
0.860579514876008
0.8613557447679341
0.8615118442103267
0.8700715373270214
0.8740997649729252
0.8565040528774261
0.8433288699015975
0.8743839650414884
0.8680200921371579
0.8397817481309175
