1.0489667149959132
0.9787634150125086
0.8721241689636372
0.9728768179775216
0.9260585469892249
1.0012599060428329
0.7952573680086061
0.8149787610163912
0.7435709470300935
0.7671728630084544
0.8286752999993041
0.9212505129980855
0.9688982660300098
1.0035146700101905
0.9745612969854847
0.9504785800236277
0.8993772560497746
0.8912438090192154
0.9363206080161035
0.916129782970529
0.9142914299736731
0.9997781830024906
0.9321512620081194
0.9084155000164174
0.9530298149911687
0.9549739419599064
0.9699508560006507
0.9556355029926635
0.9292062179883942
0.9475096800015308
0.8156316289678216
0.9497393739875406
0.9734924460062757
0.9926896750112064
0.9857790939859115
1.0043399020214565
0.9742167469812557
0.9384186980314553
0.9295928800129332
0.9667822020128369
0.9477446799864992
0.992145051015541
0.996597808029037
0.9706108950194903
0.9600394120207056
0.9283734330092557
0.9002191620529629
0.974447783024516
0.9821324170334265
1.0167323969653808
1.0015145089710131
0.9757250859984197
0.9305626869900152
0.91961567098042
0.9536148500046693
0.9684382160194218
0.8366253499989398
1.0018208999536
0.9663867320050485
0.9393031100044027
0.9065465800231323
1.0055213809828274
0.992833393975161
0.9763899170211516
0.8423224620055407
1.0011688329977915
0.9038810879574157
0.9186253019724973
0.9336399550084025
0.9788068549823947
0.9361598510295153
0.9659383609541692
0.8650737050338648
0.9530023100087419
0.9290447420207784
0.9922039069933817
0.9500510850339197
0.9320995719754137
0.7308880409691483
0.8149189369869418
0.9860510639846325
0.9704527860158123
0.9808770869858563
0.9083899899851531
0.9786806619958952
0.9789932669955306
0.9022562079480849
0.9173026419593953
0.9601085550384596
0.9703738439711742
0.7226546570309438
0.7340987920179032
0.7420336959767155
0.7693928030203097
0.7620643770205788
0.8202086660312489
0.7453593520331196
0.717620225972496
0.7714340829988942
0.7665022460278124
