0.05085702700307593
0.048202839971054345
0.048784012964461
0.04800425498979166
0.05126203905092552
0.048377810046076775
0.04836655705003068
0.047825501998886466
0.04836417897604406
0.06636635202448815
0.05823937797686085
0.049373365996871144
0.051325058040674776
0.05024182901252061
0.04861906002042815
0.04917519603623077
0.04822618799516931
0.05395352799678221
0.05237233900697902
0.04852779599605128
0.06312225299188867
0.04889455495867878
0.04836585896555334
0.06712370103923604
0.04969680600333959
0.0490119899623096
0.04675727098947391
