0.4424005329492502
0.48784283798886463
0.4735818189801648
0.4853739339741878
0.4466024709981866
0.455443439015653
0.4782524250331335
0.4380112829967402
0.43649375397944823
0.48475085699465126
0.48115842801053077
0.46827977598877624
0.444833462999668
0.47135574696585536
0.4473616289906204
0.4427757310331799
0.4525231819716282
0.4511889040004462
0.4536700270255096
0.4939588959678076
0.6085599039797671
0.4644225729862228
0.4546529549988918
0.5187073079869151
0.44807374401716515
0.49397071899147704
0.746370954962913
