0.18262141197919846
0.1791999889537692
0.18110143393278122
0.17836966295726597
0.18225932493805885
0.1775761020835489
0.18142207083292305
0.1814015309792012
0.17866991111077368
0.1795937658753246
0.1811123921070248
0.18224867596291006
0.17834762297570705
0.1774256699718535
0.1810654599685222
0.1815703131724149
0.18034036085009575
0.1890757700894028
0.16862901509739459
0.16606742003932595
0.16605530306696892
0.15880521200597286
0.16675515798851848
0.16619891300797462
0.16733108297921717
0.127104417886585
0.16577765787951648
0.1668542770203203
0.16704809200018644
0.16711078397929668
0.16591417603194714
0.16664005210623145
0.16665216092951596
0.12695024884305894
0.16923302109353244
0.1671460608486086
0.16660796315409243
0.16758987307548523
0.16324667097069323
0.1661769279744476
0.16870639310218394
0.16699507785961032
0.12818665686063468
0.16707843518815935
0.126749100163579
0.1629527600016445
0.16728885401971638
0.1657357590738684
0.1676462369505316
0.16663230187259614
0.16511625703424215
0.1670141899958253
0.16583160194568336
0.16709842393174767
0.16686714394018054
0.16679072007536888
0.16707763890735805
0.16632387996651232
0.16722884005866945
0.1674262909218669
0.16709167999215424
0.16735825804062188
0.16799721610732377
0.16914124903269112
0.1671831349376589
0.16470097587443888
0.16726534580811858
0.16083962097764015
0.16729717794805765
0.16838756389915943
0.16661094990558922
0.1295295269228518
0.16511385515332222
0.16670686705037951
0.16651455289684236
0.169012299971655
0.16778481588698924
0.16905043902806938
0.16837798105552793
0.12759452895261347
0.1673390860669315
0.16629539406858385
0.16786715877242386
0.16723075578920543
0.16111361980438232
0.1664648421574384
0.16237294278107584
0.1275975969620049
0.16800096002407372
0.16652232804335654
0.16743039805442095
0.16751390183344483
0.16414953209459782
0.16566091100685298
0.16553668910637498
0.1665330131072551
0.13045058911666274
0.16649308893829584
0.16755138710141182
0.16672822809778154
