0.13513790498836897
0.1766246460028924
0.1562568259832915
0.12892172602005303
0.13718985198647715
0.13198294199537486
0.19992823101347312
0.1998626279819291
0.1974840939801652
0.12834856900735758
0.12932636198820546
0.13214510600664653
0.13237094998476095
0.12914914800785482
0.19768101899535395
0.12928585000918247
0.129480516014155
0.12792916598846205
0.20045633398694918
0.1900308840267826
0.12821124700712971
0.12892511699465103
0.1287872469983995
0.19016571500105783
0.13124873500782996
0.12936251400969923
0.12879704899387434
0.12819016998400912
0.1286665509978775
0.18911139699048363
0.15312665101373568
0.12905299599515274
0.13121245399815962
0.12971400501555763
0.19705242800409906
0.1398721270088572
0.14964561897795647
0.1351428769994527
0.2056738410028629
0.19444994197692722
0.12849770099273883
0.12836815600167029
0.1302231499867048
0.12969495099969208
0.13080390699906275
0.1284393220266793
0.13832198499585502
0.1662917529756669
0.19422919899807312
0.15070665901293978
0.12845443599508144
0.1363665749959182
0.1312080800125841
0.12831440698937513
0.12950068898499012
0.1500726609956473
0.1517594849865418
0.19725148400175385
0.19155133099411614
0.1296228850260377
0.13668663401040249
0.1955450249952264
0.1469976220105309
0.12930643698200583
0.19184544202289544
0.19355565900332294
0.19424111701664515
0.1739672200055793
0.1990648309874814
0.20302973099751398
0.19799244101159275
0.19682829498196952
0.1968043279775884
0.19502628900227137
0.18820826799492352
0.1280900000128895
0.19559999997727573
0.12854579399572685
0.1319590389903169
0.19670661998679861
0.13170601800084114
0.1919510469888337
0.19655021198559552
0.1332949869974982
0.13354657401214354
0.12921406899113208
0.2032278109982144
0.19393172100535594
0.19413851600256748
0.12828433100366965
0.12798932500299998
0.13402178400428966
0.1983688570035156
0.13636214498546906
0.19236256298609078
0.1946837690193206
0.128191939991666
0.19505172900971957
0.13624226200045086
0.12801353799295612
