0.9652555959764868
0.9825437171384692
0.9723308270331472
0.9468255750834942
0.9702221478801221
0.9396883030422032
0.9731791059020907
0.9711450079921633
0.9476907541975379
0.9686116729862988
0.9716803641058505
0.9881927319802344
0.9561557879205793
0.9718122528865933
0.9463406449649483
0.9897691761143506
0.9491167848464102
0.9441726631484926
0.9282402200624347
0.9171417460311204
0.9145423381123692
0.9872042450588197
0.9275269268546253
0.9334459921810776
0.9440352190285921
0.9701994080096483
0.9134646910242736
0.9262924699578434
0.9460333180613816
0.9191858349367976
0.9093754959758371
0.9183122580870986
0.9147113759536296
0.9701123859267682
0.9411820019595325
0.9184938559774309
0.9276167291682214
0.9429081371054053
0.9071364710107446
0.9099851408973336
1.0274674959946424
0.9190446638967842
0.8700331868603826
0.9246380322147161
0.8449587770737708
0.9248419019859284
0.9230181300081313
0.9466290201526135
0.9153554558288306
0.9847574620507658
0.9088636001106352
0.926308877998963
0.904096663929522
0.9234158520121127
0.9278029350098222
0.9225206999108195
0.9222848918288946
0.9328729880508035
0.9225741180125624
0.9230890879407525
0.8921489340718836
0.9989095600321889
0.9124755109660327
0.9608458101283759
0.9117000300902873
0.9200893109664321
0.92372579080984
0.9077300608623773
0.9185770810581744
1.0010040870402008
0.9224828539881855
0.8841448549646884
0.9204249370377511
0.9136432390660048
0.9218936217948794
0.9175134061370045
0.9243254580069333
1.0053873569704592
0.9478259100578725
0.8582414081320167
0.9360564169473946
0.9176688271109015
0.9238283729646355
0.9162172810174525
0.9934198709670454
0.925770052941516
0.9895166319329292
0.8436243529431522
1.003292091889307
0.9355305291246623
0.9278702880255878
0.9112479279283434
0.9063768340274692
0.9139224521350116
0.9121150649152696
0.9558877169620246
0.9028040000703186
0.9181585798505694
0.8966233020182699
0.9541226360015571
