0.8702402719936799
0.9736486960027833
0.9062903739977628
0.8479024970147293
0.9214295569981914
0.8784943209902849
0.9581863940111361
1.021646665991284
1.0407030239875894
0.8812848679954186
0.8565160389989614
0.9330650210031308
0.8756675649783574
0.8640060930047184
1.0553360980120488
0.9112399019941222
0.9261201850022189
0.8454794279823545
0.9384453309758101
0.9261890600027982
0.8895043290103786
0.900404460990103
0.8627494710090104
0.9400077009922825
0.8571770119888242
0.8505078080052044
0.8544684189837426
0.847778990981169
0.852281703002518
0.9651238739897963
0.8843500229995698
0.8548221279925201
0.8458406020072289
0.8469236250093672
0.9817010299884714
0.9838040230097249
0.8751392769918311
0.8753464239998721
0.9644317619968206
0.9848316809802782
0.9008859629975632
0.8514355160004925
0.8485524699790403
0.8506555299973115
0.8787405829934869
0.9953019850072451
0.9134137709916104
0.8907518989872187
1.065394720993936
0.8897755660000257
0.8575892960070632
0.9338790419860743
0.8523585590010043
0.8535033859952819
0.8639245649974328
0.9656116580008529
1.0392105630016886
0.9755119890032802
1.0816023669904098
0.8886818430037238
0.8555105270061176
1.0379529549973086
1.1038872630160768
0.8991035979997832
0.9745124330220278
1.0375760890019592
0.927155273995595
1.0386102210031822
1.0367702829826158
1.0166442659974564
0.968436057009967
1.0563840519753285
1.0694425349938683
1.012722596002277
1.0011762939975597
0.8479218459979165
0.9793954149936326
0.8456620170036331
0.8489902869914658
1.0554098769789562
0.9187606490158942
0.9272136259824038
1.0094921929994598
0.9017478080058936
0.8949955720163416
0.8478380430024117
0.9447772680141497
0.979365144012263
1.0846721440029796
0.8458944050071295
0.8476838899950963
0.9407795340230223
0.9695718559960369
0.8604677559924312
1.0372922709793784
0.9875259990221821
0.8460914049937855
1.0237220429989975
0.8916743030131329
0.8564717870031018
