0.05131237400928512
0.04919123700528871
0.048551913001574576
0.05241699800535571
0.051640684992889874
0.049334866998833604
0.05740888499713037
0.0482396759907715
0.04894779600726906
0.0504571439960273
0.04930850400705822
0.048758923992863856
0.05206583700783085
0.04880267298722174
0.052835551992757246
0.048348996991990134
0.048846075995243154
0.050078518004738726
0.049154558990267105
0.04894212100771256
0.0487988060049247
0.05126199401274789
0.05104698099603411
0.04939636199560482
0.05270666000433266
0.04882790599367581
0.050886801996966824
0.05069650900259148
0.05055182400974445
0.05207707099907566
0.0486576219991548
0.04876097300439142
0.048831241991138086
0.05390929999703076
0.04915536999760661
0.04844245599815622
0.04853983299108222
0.048726359993452206
0.04882589900807943
0.05026285699568689
0.0510076500067953
0.05240393399435561
0.05493313599436078
0.05201198199938517
0.049376590992324054
0.04836921599053312
0.04929858600371517
0.04848266299813986
0.04594519600505009
0.046771898996667005
0.04902235500048846
0.048519823991227895
0.04697136499453336
0.04650932698859833
0.048410317991510965
0.04565130300761666
0.04700507900270168
0.045127587000024505
0.045438440996804275
0.050035338004818186
0.04859422800655011
0.04851966201385949
0.04658729500079062
0.04416030799620785
0.04941285299719311
0.048593796003842726
0.04662534598901402
0.04564940198906697
0.04810375200759154
0.04813542500778567
0.044962769010453485
0.04631629899085965
0.04882592399371788
0.046504678000928834
0.046145947999320924
0.04666492600517813
0.04583743799594231
0.04563141400285531
0.046754515991779044
0.049702657997841015
0.06166756400489248
0.046817251000902615
0.048736982003902085
0.0470780939940596
0.0489321189961629
0.045810083000105806
0.04686241899617016
0.047642758989240974
0.04649552199407481
0.04679191400646232
0.04634618200361729
0.04571070599195082
0.04518934100633487
0.046252843996626325
0.047698994996608235
0.048700074999942444
0.04514061298687011
0.050416736004990526
0.04704992000188213
0.048372735996963456
