0.04293655790388584
0.04246492916718125
0.0426161449868232
0.0421147970482707
0.0425250728148967
0.04265880607999861
0.04288558289408684
0.04248961294069886
0.04239955893717706
0.04261508700437844
0.04312132787890732
0.04323527496308088
0.0425782420206815
0.04335997812449932
0.04266259400174022
0.042563183000311255
0.042413386050611734
0.0432393760420382
0.04084711195901036
0.039872850058600307
0.04049788205884397
0.0400074259378016
0.03987916395999491
0.041019732831045985
0.04012719285674393
0.03999031498096883
0.04032447701320052
0.04007843299768865
0.03995156288146973
0.0400589460041374
0.04059927095659077
0.03894811496138573
0.040248338133096695
0.04009741614572704
0.03982132486999035
0.04013977013528347
0.03986177104525268
0.03976113791577518
0.04013753402978182
0.04024471715092659
0.047717433888465166
0.04057842004112899
0.03964508697390556
0.04061122494749725
0.04897240502759814
0.044296760112047195
0.043893049005419016
0.043549510184675455
0.04382849205285311
0.043947198893874884
0.04377088486216962
0.04378570197150111
0.04343823087401688
0.04398358310572803
0.04385662078857422
0.043741101399064064
0.044267327059060335
0.044032120145857334
0.0439340858720243
0.04376034298911691
0.043340194039046764
0.04366653924807906
0.043347634840756655
0.04305761680006981
0.04038909403607249
0.04002020927146077
0.0404206900857389
0.04001189302653074
0.03889137227088213
0.040361667051911354
0.04015619307756424
0.0400040396489203
0.04081599973142147
0.03978791693225503
0.03998624440282583
0.039495694916695356
0.03978879703208804
0.04774682503193617
0.04051758721470833
0.03984739910811186
0.04019538406282663
0.04113219305872917
0.03940274706110358
0.040223327931016684
0.04281406896188855
0.040134198032319546
0.04013495892286301
0.04008145863190293
0.039865890983492136
0.03983428003266454
0.04293246427550912
0.040247593075037
0.03992547374218702
0.040270119439810514
0.03981025191023946
0.04049999779090285
0.03996088728308678
0.05472205765545368
0.04055606806650758
0.0406245538033545
