0.5360838230699301
0.5315102559980005
0.5304863250348717
0.528338914969936
0.5484671809244901
0.5313143671955913
0.5405648560263216
0.5287492738571018
0.5296307110693306
0.5404213278088719
0.5292464888188988
0.5389943760819733
0.5426203911192715
0.5409920320380479
0.5301893220748752
0.5273946800734848
0.5310476149898022
0.5268675500992686
0.5188267480116338
0.5137453351635486
0.5140575901605189
0.5159326659049839
0.5059102578088641
0.5106379678472877
0.5324970257934183
0.5165107380598783
0.514464225852862
0.5261589288711548
0.5160135340411216
0.5094588238280267
0.5110194911248982
0.5061263518873602
0.5153882501181215
0.5842986560892314
0.5138999859336764
0.5199463041499257
0.5098902210593224
0.5228646390605718
0.5084502110257745
0.5113786039873958
0.6016533121000975
0.5184463260229677
0.5085824129637331
0.516061563976109
0.5944874559063464
0.5474984529428184
0.5487661480437964
0.5343020791187882
0.543668637983501
0.5438901670277119
0.5417019159067422
0.5837580549996346
0.5342137690167874
0.541027570143342
0.5420384779572487
0.5461899791844189
0.5444480967707932
0.5428733248263597
0.5447685560211539
0.5469267033040524
0.5307435370050371
0.5416126479394734
0.5387242827564478
0.5313883549533784
0.5156302507966757
0.5108287641778588
0.5129457809962332
0.5250393161550164
0.5343255503103137
0.517876039724797
0.5121688051149249
0.5092671597376466
0.5099097429774702
0.5111838206648827
0.5251865852624178
0.5346714686602354
0.5134009681642056
0.6276985169388354
0.5099788503721356
0.510355066973716
0.5147453239187598
0.5166009501554072
0.50694948900491
0.5179920168593526
0.5267530200071633
0.5132257738150656
0.5162773858755827
0.5178599166683853
0.553910446818918
0.5225167940370739
0.6211345223709941
0.5519589111208916
0.5214356570504606
0.5177623312920332
0.5125617808662355
0.515016783028841
0.5156950452364981
0.6618125019595027
0.5415140870027244
0.5177331999875605
