0.581655303001753
0.5932538450142602
0.5713333519961452
0.6006794060085667
0.6699235939886421
0.7255032399989432
0.6134143939998467
0.5645667209901148
0.5976578560075723
0.6197314460005146
0.626606598001672
0.5617635739909019
0.5984160750085721
0.594632925989572
0.5827759419917129
0.5685368889971869
0.6040607189934235
0.5898686660075327
0.5800736300006974
0.6443397469993215
0.5778831799980253
0.5888045600004261
0.6832313979975879
0.5892462699994212
0.5814940870041028
0.5925147700036177
0.6259550730028423
0.607018982002046
0.6309807910001837
0.5914988950098632
0.5849271479964955
0.5642024260014296
0.669214697991265
0.6237341350060888
0.575226789995213
0.5785848870000336
0.5814334939932451
0.582125774002634
0.5851593719999073
0.5872265350044472
0.6680266750045121
0.6299202619993594
0.6059394650073955
0.5912152539967792
0.6082868819939904
0.5733189879974816
0.5705389299982926
0.5655753930041101
0.5771415000053821
0.5612005949951708
0.5759540699946228
0.5679192029929254
0.5569169130030787
0.5933558239921695
0.5755597690003924
0.5628902739990735
0.588907775003463
0.5831372289976571
0.5570934919960564
0.5688701309991302
0.5760493220004719
0.5792756730079418
0.5777324470109306
0.5599044609989505
0.5734342159994412
0.6200076490058564
0.5728449710004497
0.5640974509879015
0.6123956689989427
0.5649289430002682
0.5700811880087713
0.5662693269987358
0.565756905998569
0.5632006750092842
0.5624633740080753
0.5605897969944635
0.5592558670032304
0.5629037699982291
0.5656491629924858
0.576332951997756
0.627142156008631
0.570229160002782
0.5991241950105177
0.5702928529935889
0.572234113002196
0.5513242299930425
0.5585346029984066
0.5561128349945648
0.6009840769984294
0.5717167290131329
0.5820838770014234
0.6444846719969064
0.5871342489990639
0.5804521059908438
0.5835131740022916
0.5708409109938657
0.5541549589979695
0.594814565993147
0.5710450000042329
0.558140547000221
