0.19054346600023564
0.1931853350106394
0.19313098200655077
0.18842715500795748
0.18965640998794697
0.19106851900869515
0.19081256999925245
0.1279336370062083
0.12883168799453415
0.18946680599765386
0.19146066400571726
0.1890421139978571
0.1318837159924442
0.19290703399747144
0.1949065939988941
0.13694366300478578
0.19399430800694972
0.19055046200810466
0.19144598599814344
0.13750197298941202
0.1332671050040517
0.12829648300248664
0.1920869839959778
0.1404598470107885
0.13090698501036968
0.1312723220034968
0.17144150400417857
0.14103810899541713
0.19008875399595127
0.19863784899644088
0.19240462301240768
0.12851924198912457
0.12819676999060903
0.12725386999954935
0.1290607349947095
0.15875937799864914
0.1928415220027091
0.1347702519997256
0.19178109700442292
0.14163637399906293
0.191636915988056
0.19170392499654554
0.19211741398612503
0.12814446100674104
0.19037376200139988
0.18889497600321192
0.12980132599477656
0.1821066700067604
0.19502179000119213
0.19980122799461242
0.19056904199533165
0.1926406979910098
0.16855139400286134
0.19647693399747368
0.19223696300468873
0.1890546409995295
0.1920272190036485
0.19130495400168002
0.14084381698921788
0.19078861801244784
0.19244507800613064
0.19008744299935643
0.1841495070111705
0.15082609899400268
0.17136960099742282
0.19306986599985976
0.19462852699507494
0.19098676899739075
0.18746092700166628
0.19135210700915195
0.18855805099883582
0.1929694290010957
0.18945368500135373
0.1910281250020489
0.18987315100093838
0.1882382339972537
0.18990461400244385
0.19073780500912108
0.18893277399183717
0.18849795901041944
0.19012673500401434
0.2005101489921799
0.17582586299977265
0.1904364959918894
0.19186200200056192
0.1283737320045475
0.1936519079899881
0.1912693100020988
0.13603061200410593
0.19299336000403855
0.19136967899976298
0.18908923400158528
0.18936793100147042
0.19054110199795105
0.1401722989976406
0.1878456609993009
0.19111441499262583
0.18948928199824877
0.20801883700187318
0.18876741398707964
