0.19942960399203002
0.1694496900017839
0.1804993330151774
0.14849895701627247
0.1372707900009118
0.14738178299739957
0.13921895102248527
0.13069294299930334
0.131518114998471
0.15271805500378832
0.1386597229866311
0.1610204910102766
0.15453262900700793
0.19332756998483092
0.13047737401211634
0.17575332798878662
0.16306509700370952
0.18102316299336962
0.19214702499448322
0.13490552702569403
0.13154788501560688
0.1318700689880643
0.13130635302513838
0.19033799797762185
0.13143625602242537
0.1401012270071078
0.14235355099663138
0.14948250801535323
0.14706218100036494
0.13403097999980673
0.19491056399419904
0.1900869499950204
0.19786096600000747
0.12844053798471577
0.1944561169948429
0.15571248400374316
0.17046023000148125
0.19879247300559655
0.19301780601381324
0.19240721798269078
0.19290135501069017
0.133331265009474
0.1936235140019562
0.19156352599384263
0.1978822530072648
0.1911848490126431
0.13052424602210522
0.1702792580181267
0.13035953100188635
0.14583140399190597
0.1998907289816998
0.1298574499960523
0.18324585098889656
0.1293086770165246
0.1317395500082057
0.1471314190130215
0.15452132999780588
0.13200935602071695
0.13228588399942964
0.12940757197793573
0.13515241001732647
0.13394921101280488
0.1453565800038632
0.1289869440079201
0.14357219799421728
0.20021474501118064
0.19111075802356936
0.12952311799745075
0.12895274499896914
0.1933414060040377
0.12988451297860593
0.19161850499222055
0.19514682298176922
0.19774144599796273
0.13390021998202428
0.13305912000942044
0.12844377401052043
0.12870989402290434
0.1958274169883225
0.14701403898652643
0.1843243360053748
0.19031470699701458
0.193251082993811
0.17009282400249504
0.19720080998376943
0.19679757999256253
0.19546406200970523
0.19409979999181814
0.1891127580020111
0.19105362999835052
0.19522485698689707
0.19320011502713896
0.1939814799989108
0.19407671099179424
0.14527627298957668
0.19783774900133722
0.1954704959935043
0.195629863999784
0.1900147720007226
0.19325646900688298
