0.09440279800037388
0.0954087680001976
0.09373624301224481
0.09521273299469613
0.1276818460028153
0.09659308499249164
0.09635350899770856
0.09288448499864899
0.1003845109953545
0.09406776599644218
0.08969322500342969
0.09436040199943818
0.09053386899176985
0.09214013699966017
0.09084868000354618
0.09318528699805029
0.0904659689986147
0.09138013600022532
0.12197665600979235
0.09175862999109086
0.09962357699987479
0.10120820299198385
0.0899607090104837
0.08938901999499649
0.09055936300137546
0.09341493599640671
0.09000985199236311
0.05034853599499911
0.047734095991472714
0.048234096000669524
0.05877344400505535
0.05167702199833002
0.04841313199722208
0.046810247004032135
0.05477247899398208
0.04740834799304139
0.04752986000676174
0.047517096987576224
0.04975476300751325
0.047328636996098794
0.052858961003948934
0.04734946900862269
0.04875904599612113
0.04694354100502096
0.04651381800067611
0.047104044002480805
0.04827194100653287
0.05802877800306305
0.04961574800836388
0.046903690992621705
0.0469031399989035
0.04733353100891691
0.050002507006865926
0.06113135500345379
0.04733206499076914
0.04715955999563448
0.04968034700141288
0.04693554301047698
0.04677431700110901
0.06456832200638019
0.047880683006951585
0.047474097009398974
0.04779202899953816
0.04627305299800355
0.04761397000402212
0.04602119099581614
0.046864492003805935
0.047581959996023215
0.04639926900563296
0.04987565099145286
0.04675764600688126
0.04628655999840703
0.04848679999122396
0.04690722799568903
0.047797532999538817
0.04853693499171641
0.0499883689917624
0.046600128000136465
0.04676911399292294
0.04637424599786755
0.045479228007025085
0.04665658400335815
0.04772818900528364
0.04640841200307477
0.04776185000082478
0.04797439600224607
0.04689189599594101
0.05089582200162113
0.04593027298687957
0.04715679200307932
0.047215741011314094
0.04782751000311691
0.04923089299700223
0.04888339899480343
0.05177886600722559
0.04664296499686316
0.04627831200195942
0.04709639400243759
0.048035126994363964
0.05376359600631986
0.04726838799251709
0.04675277500064112
0.048807092010974884
0.046913448997656815
0.04750480099755805
