0.9145792909985175
1.0307155210030032
0.9567468830064172
0.951699996003299
0.9677330779959448
0.9998748890066054
0.8515968279971275
0.8021068420057418
0.7341852319950704
0.9093934249976883
0.9103248309984338
0.998114727990469
0.9370717080018949
0.9288024260022212
0.8933219830068992
0.7915459500072757
0.9652189439948415
0.9896504250064027
0.9743148049892625
0.8664223749947269
0.7281034700135933
0.8176409890002105
0.9660849889914971
0.8773766020021867
0.7463559250027174
0.7604205060051754
0.7716529419994913
0.9184135319956113
0.9481590159994084
0.9508743280021008
0.9419251650106162
0.8066029990004608
0.7734967699943809
0.7301893679978093
0.8043192999903113
0.7598542549967533
0.8993392550037242
0.8255002439982491
1.004913625001791
0.8001741859916365
0.977018234989373
0.9780424880009377
1.012045314986608
0.8458533150114818
0.8925355530082015
0.9411879349936498
0.8076937279984122
0.8713452040101402
0.9818249269883381
1.0164398869965225
0.9954745120048756
0.83927840499382
0.8585902350023389
0.9698520120000467
0.9977113300119527
0.991010620011366
0.9961826570070116
0.9479251029988518
0.9188836050016107
0.9580662840016885
0.9645253470080206
0.9440931189892581
1.013254957011668
0.8626493420015322
0.9278708750061924
0.9750887879927177
1.0091141250013607
0.9812574719981058
0.9611176110047381
0.9168216640100582
0.9447300059982808
0.9723556599928997
0.9442295010085218
0.9575424149952596
1.0018843049911084
0.9860212310013594
0.9490831110015279
0.9475164570030756
0.9871621619968209
0.9780450090038357
0.9881204779958352
1.0153498979925644
0.9248303370113717
1.003681949005113
0.9789875720016425
0.7188400449958863
0.9525853609957267
1.0040291660116054
0.7448993529978907
0.9623374950024299
1.0011675419955282
1.01336986599199
0.9978473180090077
0.9766789580025943
0.9120840249961475
0.9346009619912365
0.8797272279916797
0.9630974079918815
0.9195413849956822
0.9750095479976153
