0.8454436030006036
0.9095441559911706
0.9207902330090292
0.9209094349935185
0.946112591016572
0.9548153089999687
0.9556817220000084
0.8429725660244003
0.995843562996015
1.011523805995239
0.8267137219954748
0.8115508340124507
0.9453059890074655
0.9179152279975824
0.9656046279997099
0.8839741910051089
0.7725709200021811
0.8818568010174204
0.8139227049832698
0.9201698070100974
0.9439583669882268
1.0050296669942327
0.8611889889871236
0.9962710930267349
0.8210269430128392
0.7320736309920903
0.8135932669974864
0.9512676529993769
0.9624630759935826
0.8914856940100435
0.9515349040157162
1.0045217279985081
0.8618468299973756
0.910634644998936
0.9032583450025413
0.7703496869944502
0.8101714270014782
0.7821560379816219
0.9287359470035881
0.9627468090038747
0.7714714689936955
0.997233239992056
0.9756957389763556
0.898097234981833
1.0066526109876577
0.8491090349853039
0.8344180849962868
0.825553000002401
0.7502929759793915
0.9838157730118837
0.7597479830146767
0.9601159220037516
0.7349968100024853
0.7576185799844097
0.7675887100049295
0.731461388990283
0.7260873729828745
0.983277196995914
0.9230989969801158
0.9398023170069791
0.9662596349953674
0.9526988030120265
0.9403814740071539
1.008557083987398
0.9439230540010612
0.9800359850050882
1.0069539929972962
0.7712574090110138
0.8993508459825534
0.8302985759801231
0.8566380940028466
0.7400500359944999
0.9144075219810475
0.9863387770019472
0.9262154549942352
0.8750663590035401
0.788389389985241
0.7414808890025597
0.7387857369903941
0.7906678470026236
0.8077820829930715
0.7321958219981752
0.7589576310128905
0.8751744790060911
0.9163889259798452
0.9513522429915611
0.9118230250023771
0.8087804740061983
0.9676351600210182
1.0122589180245996
0.9522483189939521
0.8372503130231053
0.7349025559960864
0.8273459360061679
0.9379083890235052
0.7363014509901404
0.9923739350051619
0.9865384690056089
0.9568823000008706
0.9833851710136514
