0.5477213910053251
0.5355660570057807
0.5720315140060848
0.5837463630014099
0.5966285150061594
0.517707884995616
0.5216426950064488
0.5294108880043495
0.6160210689995438
0.5695467369951075
0.49790018000931013
0.5054463109991048
0.6408414600009564
0.5857439800020074
0.5878978789987741
0.5714153459994122
0.508580088004237
0.5078500329982489
0.5983158810122404
0.5094578569987789
0.5333625909988768
0.6088853609981015
0.6115002840087982
0.5591923389874864
0.5172537570033455
0.5096011169953272
0.7089032719959505
0.6098985330027062
0.49525826299213804
0.4437552999879699
0.5342971479985863
0.4850203189998865
0.5124522429978242
0.49708109701168723
0.528828174006776
0.5212183719995664
0.5686777049995726
0.4468888679984957
0.5089681319950614
0.5440148639900144
0.4513342209975235
0.4749035529966932
0.4432709410029929
0.4943882020015735
0.45129334001103416
0.5277342670015059
0.529636571998708
0.49043982100556605
0.45635655301157385
0.5400441239908105
0.4544214649940841
0.4400596339983167
0.44205294900166336
0.5163085300009698
0.4808862079953542
0.45421440599602647
0.5136857110046549
0.5157158800138859
0.4623550890100887
0.44999944099981803
0.5484466760099167
0.5773075690085534
0.5206035960000008
0.44707246399775613
0.43915650600683875
0.47530998299771454
0.5357729789975565
0.4384006979962578
0.5087038580095395
0.5348680669994792
0.5084196469979361
0.44378238600620534
0.5113988709927071
0.5161318769969512
0.5019738409901038
0.4768973839964019
0.441674546993454
0.4478180829901248
0.5359533659939189
0.49697217998618726
0.5809519590111449
0.4595389040041482
0.48442134899960365
0.5108741830044892
0.45978978399944026
0.4509399570088135
0.45523602100729477
0.46874174699769355
0.48158915298699867
0.5269628989917692
0.5215840290038614
0.5229679780022707
0.4677668609947432
0.5181717319937889
0.5084058049978921
0.4803963019949151
0.4522005339968018
0.46138930700544734
0.43555792499682866
0.4443770680081798
0.4424675420013955
0.45279043199843727
0.4586074219987495
0.5328742760029854
0.43932989599124994
