1.048255029003485
1.0280671439977596
1.0138327099994058
0.8240328310057521
0.8236886800004868
0.8772390539961634
0.8059370779956225
1.0761255719990004
0.9267959739954676
0.8849796149879694
1.0126531569985673
1.0041520809900248
0.8490718909888528
0.8099742730119033
1.0331526209920412
0.9159251539967954
1.0242294269992271
0.9897812440030975
0.9334438119985862
0.935596777999308
0.930381452999427
1.0049886850028997
0.8597247599973343
1.0582948599912925
1.0546459780016448
0.9587680789991282
0.943238020001445
0.9607111329969484
1.0333900900004664
1.0533897050045198
0.9490817250043619
0.9301832930068485
1.0989156029972946
1.1044702239887556
1.0576054120028857
1.0358846669987543
1.025310429991805
1.0400128059991403
0.8200561089906842
1.095599915002822
1.1037594419904053
1.0443113169894787
1.0732536220020847
1.0281508430052781
1.0567047670047032
0.9462950390006881
1.0803487730008783
1.0822389490058413
0.982589547013049
1.039506129003712
1.0201340680068824
1.1089913720061304
1.0467867020051926
1.0627266539959237
1.0241743509977823
1.085248496994609
1.0200195959914709
0.9556091480044415
1.0787947200005874
1.035879956005374
0.9915571570018074
1.1080398519989103
1.0563901510031428
0.9916269819950685
1.0547319819888799
1.0976987580070272
0.81067038999754
1.0874741209991043
1.0228766770014772
0.992814796991297
1.0249716240068665
1.0717912069958402
1.079732623999007
1.0765043150022393
1.0033849199971883
1.0226314369938336
1.0049408939958084
1.0557066229957854
1.0328278820088599
1.0509772660007002
1.0391045049909735
1.055365228006849
0.9742067150073126
1.109280384000158
1.0332757719879737
0.7986024690035265
1.047615057992516
1.0249670390039682
1.0853397850005422
1.0835781219939236
1.06297381100012
1.0480539570125984
1.0121325579966651
1.0774836380005581
0.8086540969961789
1.0989521320007043
0.9769590460055042
1.0289802230108762
1.043816119999974
1.0719279869954335
