0.18155375495553017
0.18375007202848792
0.18844991398509592
0.18201666907407343
0.18426856899168342
0.18681978003587574
0.14389608695637435
0.19434813305269927
0.18741789599880576
0.18160033889580518
0.18099941103719175
0.18309741700068116
0.17969345592428
0.1808681539259851
0.18152467196341604
0.17925854900386184
0.18090423103421926
0.18183620693162084
0.18149549001827836
0.18170521291904151
0.1812950390158221
0.18175951903685927
0.18139679706655443
0.1803801069036126
0.18084806099068373
0.18151732708793133
0.18053885898552835
0.18354031001217663
0.18472600902896374
0.18400198500603437
0.14172027294989675
0.18176325899548829
0.181050343089737
0.1811287240125239
0.18059839599300176
0.18156885798089206
0.18062330794055015
0.18184719502460212
0.18110728194005787
0.18114043097011745
0.1800207330379635
0.18140158604364842
0.18081681709736586
0.1816894580842927
0.1813663929933682
0.18146221595816314
0.18113084591459483
0.1803693399997428
0.17665377503726631
0.18158970202784985
0.18128027697093785
0.18164157308638096
0.1826992220012471
0.1850118429865688
0.18186673102900386
0.18093534500803798
0.18108357302844524
0.18376211205031723
0.17983990197535604
0.1806965930154547
0.18855151801835746
0.1873225289164111
0.18186046299524605
0.1856825960567221
0.18135908991098404
0.18126738804858178
0.18513592903036624
0.18148249702062458
0.18240204104222357
0.18416598089970648
0.18212033109739423
0.1864823509240523
0.18176333094015718
0.18181510001886636
0.18230062804650515
0.18295153696089983
0.19443780300207436
0.18083015398588032
0.178740440052934
0.1804144880734384
0.181275989045389
0.18117943697143346
0.18096447899006307
0.17930250894278288
0.17788532096892595
0.1805131109431386
0.1804762730607763
0.1799491570563987
0.17965703108347952
0.1879863190697506
0.18281684699468315
0.18130829092115164
0.18194688495714217
0.18092172301840037
0.17928448889870197
0.18155264400411397
0.18063791503664106
0.1803845240501687
0.18003991292789578
0.18675969098694623
