0.9561027250019833
0.9731532690348104
1.0298864879878238
0.9650626099901274
1.0157405829522759
1.0415742790792137
0.9895387879805639
1.069403678062372
1.1531393509358168
0.990578660974279
0.9394684480503201
1.0604342729784548
0.9763546519679949
0.9581194929778576
0.9543217989848927
0.9742517640115693
0.9529568949947134
0.9579158949200064
0.9715060560265556
1.0375515699852258
0.9590645290445536
0.9557254560058936
0.9765963320387527
0.9544834499247372
0.9694450929528102
0.9531405430752784
0.9526688610203564
0.9627890379633754
0.971463282010518
1.1107308680657297
1.0046817490365356
0.9579062900738791
0.9871217220788822
0.9581705919699743
0.974140741978772
0.9870973799843341
0.9609615099616349
0.9581937120528892
0.9917526378994808
0.9530981599818915
0.9565054239938036
0.987913892022334
0.97514170804061
0.9555275770835578
0.9754233459243551
0.9556406600167975
0.9779568209778517
0.9715367590542883
0.9514779590535909
0.9546065629692748
0.9624617280205712
0.9602711520856246
0.98455225804355
0.9625583679880947
0.97615293902345
0.9768144499976188
0.9386847669957206
0.9406399560393766
0.9543008520267904
0.9688951119314879
1.084356433013454
1.0996750019257888
0.9577964380150661
1.0970852000173181
0.9554959399392828
0.9562275540083647
0.9660835219547153
1.0079483649460599
1.0196167449466884
0.969534425996244
1.0033145180204883
1.0394058669917285
1.1203865439165384
1.0270353640662506
0.9625692570116371
0.9565924250055104
1.069313325919211
0.9695770019898191
0.982171913026832
0.9561783630633727
0.9667776889400557
0.9704063599929214
0.958764370996505
0.9253341819858178
0.9983097478980199
0.978905197000131
0.9556342690484598
0.9565912450198084
0.969672856037505
1.0565689650829881
0.9785874730441719
0.9799295319244266
0.9587092229630798
0.9846694320440292
0.9586522199679166
0.9583792799385265
0.9730294540058821
0.9632303069811314
0.9554986689472571
1.064014055998996
