0.18128975306171924
0.18240602093283087
0.18079954001586884
0.18304996902588755
0.18306527601089329
0.1826833519153297
0.17863597499672323
0.1818822619970888
0.1820299910614267
0.18441301491111517
0.1808708719909191
0.1824708030326292
0.18279919400811195
0.18112248892430216
0.18440860300324857
0.18599638191517442
0.17174459504894912
0.17256501503288746
0.17435545299667865
0.17314293992239982
0.1724126850022003
0.17440630099736154
0.17417471401859075
0.1732619070680812
0.17288867908064276
0.17314051801804453
0.17328431294299662
0.1740715359337628
0.17480880895163864
0.17334329802542925
0.17293067194987088
0.173142847022973
0.17226086696609855
0.17251551698427647
0.17239555704873055
0.1721585439518094
0.17477938998490572
0.13074282801244408
0.1726042430382222
0.17210619000252336
0.12926877394784242
0.1732708839699626
0.1742519949330017
0.12512466998305172
0.17310601205099374
0.17418894602451473
0.12738739303313196
0.172449653968215
0.172471493948251
0.1717067559948191
0.17184305796399713
0.17263658496085554
0.17454937403090298
0.17078121996019036
0.17357003293000162
0.1755681410431862
0.17243213893380016
0.17370754899457097
0.17581025103572756
0.17323147098068148
0.17347994702868164
0.17472336697392166
0.17211437306832522
0.17263217095751315
0.17245542898308486
0.17172686802223325
0.17193046608008444
0.17178666999097914
0.17255860602017492
0.17166003305464983
0.17309277690947056
0.17341361904982477
0.17312886600848287
0.17153738893102854
0.17246010398957878
0.17300580791197717
0.17261268105357885
0.17336483299732208
0.17254388704895973
0.17477231996599585
0.1725584480445832
0.17263692093547434
0.1736428369767964
0.1730584689648822
0.17355390102602541
0.17254999408032745
0.17285773495677859
0.17253803205676377
0.17357672902289778
0.17346091801300645
0.1731264159316197
0.1731796150561422
0.17255104193463922
0.17291354609187692
0.17340409196913242
0.17171024600975215
0.17208430403843522
0.17411431798245758
0.17274128796998411
0.17368502099998295
