1.0777422190876678
1.0979318160098046
1.073728732066229
1.0970606519840658
1.0763721640687436
1.0846260499674827
1.0763979970943183
1.0885883340379223
1.0786458270158619
1.0837248329771683
1.0745963680092245
1.0847022170200944
1.0831508829724044
1.0884374289307743
1.1205823139753193
1.0823069650214165
1.0709270300576463
1.0662615620531142
1.0777760439086705
1.0539836449315771
1.0579552029957995
1.0601479719625786
1.045885736006312
1.0472504590870813
1.1575451330281794
1.0451865789946169
1.0439361549215391
1.0579316669609398
1.0549501979257911
1.1325564960716292
1.058516102959402
1.0647453240817413
1.0774462070548907
1.1320600069593638
1.131538765039295
1.0552107900148258
1.0458485550479963
1.025337073020637
1.0542936390265822
1.057068866910413
1.003374310908839
1.0559624879388139
1.0578854969935492
0.9842297759605572
1.0431925270240754
1.0692572089610621
1.0949477039976045
1.0544806340476498
1.113610942964442
1.1287654540501535
1.070945363957435
1.056919984985143
1.1220664440188557
1.13213020702824
1.092003840021789
1.1424201379995793
1.115173002006486
1.056265937979333
1.131808664998971
1.1163044410059229
1.0552112440345809
1.0608285670168698
1.0542145890649408
1.0575473830103874
1.1307374479947612
1.055886939051561
1.0554317280184478
1.055307888891548
1.11690309306141
1.055351788061671
1.0447715979535133
1.070589464972727
1.130756016005762
1.0779368309304118
1.1288674090756103
1.0442614799831063
1.0796720630023628
1.131104725995101
1.133201338001527
1.0602108909515664
1.0974646270042285
1.1154722049832344
1.0578808459686115
1.0839604700449854
1.0541839780053124
1.0551051669754088
1.0585880719590932
1.0448625789722428
1.0550553950015455
1.0451970919966698
1.0592876659939066
1.0455703440820798
1.1076445350190625
1.0830369830364361
1.045882856938988
1.1545942910015583
1.0576677160570398
1.05665477598086
1.0592272779904306
1.055139197036624
