0.04368739097844809
0.04693522199522704
0.042413718067109585
0.04205678799189627
0.042269480996765196
0.04199509299360216
0.04233739501796663
0.04239194409456104
0.04237958404701203
0.04190295306034386
0.04212521796580404
0.0418293570401147
0.042055096942931414
0.041968148900195956
0.04330096999183297
0.0433006010716781
0.043631879962049425
0.0422991820378229
0.04187762993387878
0.04785341792739928
0.042013163096271455
0.04213963192887604
0.04323485994245857
0.04363321198616177
0.04308242804836482
0.04207323305308819
0.04288171895314008
0.04220192600041628
0.042131402995437384
0.04222407902125269
0.04237306897994131
0.042465701000764966
0.042096361983567476
0.04267071408685297
0.04218880902044475
0.042381039005704224
0.041784610017202795
0.04713124502450228
0.041112618055194616
0.04196967801544815
0.0425840379903093
0.043237058096565306
0.04204069310799241
0.042215637979097664
0.042478003073483706
0.04245803307276219
0.04272851999849081
0.04200598201714456
0.04179189098067582
0.044139884994365275
0.04233482899144292
0.043107336037792265
0.04235802299808711
0.04340348101686686
0.04193955601658672
0.04285739397164434
0.04494031297508627
0.03962834307458252
0.0426869869697839
0.042006297968328
0.04352034896146506
0.04199140111450106
0.04322313505690545
0.043444948038086295
0.042521821917034686
0.041920584975741804
0.04338481102604419
0.0425432970514521
0.04255241295322776
0.04217520903330296
0.04324968601576984
0.042294809012673795
0.04224795300979167
0.042611151933670044
0.04244488093536347
0.04594360804185271
0.039183976012282073
0.03919159003999084
0.038909337017685175
0.039536101976409554
0.038963790982961655
0.03903502493631095
0.039839111967012286
0.039440755965188146
0.03888036706484854
0.038895439938642085
0.03896610299125314
0.0387874529697001
0.03916705504525453
0.03926807001698762
0.03901500697247684
0.03971191600430757
0.03883753402624279
0.03937358793336898
0.03920885699335486
0.038952684961259365
0.039450166979804635
0.039508602931164205
0.03905764501541853
0.04781872499734163
