0.4251069499878213
0.4607385969720781
0.43371036904864013
0.4150577620603144
0.40988850104622543
0.4094965939875692
0.41454716701991856
0.4215327170677483
0.4302273979410529
0.4158494070870802
0.4051047229440883
0.4082219429546967
0.4127717949450016
0.4181995049584657
0.41698779608123004
0.4173054880229756
0.43043006502557546
0.4141951990313828
0.4180732970125973
0.44085814093705267
0.4074537520064041
0.4144874969497323
0.41461732098832726
0.42429433204233646
0.42201376205775887
0.4147352030267939
0.45491552201565355
0.41388671193271875
0.4146083169616759
0.40929743694141507
0.4424816200044006
0.4106167870340869
0.41174562799278647
0.41663715802133083
0.43596346501726657
0.4140939839417115
0.4115238069789484
0.432539934059605
0.42915708699729294
0.4161716300295666
0.4157552069518715
0.4176408350467682
0.41662463801912963
0.4164183170069009
0.4196514170616865
0.4150178040144965
0.4174349009990692
0.4098413910251111
0.4169366059359163
0.42095368006266654
0.45130320789758116
0.4218832770129666
0.41685251402668655
0.42062414495740086
0.41323547903448343
0.4124328379984945
0.4262457959121093
0.39613027300219983
0.41709413402713835
0.41238190699368715
0.4183239209232852
0.4146279050037265
0.4205156819662079
0.4169462659629062
0.44293262297287583
0.41398082207888365
0.4188387810718268
0.4141402570530772
0.41353062097914517
0.41555276804137975
0.42022883507888764
0.41510081803426147
0.4083003039704636
0.4175992999225855
0.41017998894676566
0.43324774596840143
0.3969130190089345
0.3954525759909302
0.39339714497327805
0.3956567319110036
0.3946025010664016
0.39529840799514204
0.3973245429806411
0.40020423801615834
0.3891948730451986
0.3937670059967786
0.3990128670120612
0.40643167891539633
0.3946312180487439
0.3956515180179849
0.3921849379548803
0.39903367799706757
0.3902212630491704
0.3981839430052787
0.3887774159666151
0.3935042249504477
0.39795170701108873
0.3897704150294885
0.3953958760248497
0.4367700699949637
