0.04480477003380656
0.04618932795710862
0.047590121044777334
0.047484362963587046
0.045714930980466306
0.045751612982712686
0.04699332406744361
0.04786104499362409
0.04747313307598233
0.047740250010974705
0.05085702403448522
0.04611185006797314
0.04574095399584621
0.04751814401242882
0.0472967199748382
0.04509667493402958
0.0483747289981693
0.04754489799961448
0.04626554797869176
0.046087154070846736
0.04637244902551174
0.048414168995805085
0.04767165007069707
0.04776106390636414
0.04711808392312378
0.04761997901368886
0.05070092203095555
0.045455117942765355
0.04753841704223305
0.05037683399859816
0.0481372190406546
0.07206909207161516
0.04753041500225663
0.05181423795875162
0.04943230305798352
0.04825265996623784
0.04616084601730108
0.04647278494667262
0.04828042897861451
0.048787467065267265
0.04761452495586127
0.05035133205819875
0.04775740799959749
0.04757851595059037
0.04728704399894923
0.048183356993831694
0.04766625398769975
0.0493155000731349
0.045685583958402276
0.0503451389959082
0.04773519898299128
0.047637270065024495
0.04868314310442656
0.04801838390994817
0.04979355703108013
0.05008972098585218
0.04674779495690018
0.04725728998892009
0.04791263910010457
0.0488930280553177
0.05073299596551806
0.049968924024142325
0.04820732504595071
0.04553529911208898
0.04800872795749456
0.05059778201393783
0.04768035397864878
0.047419975977391005
0.05038076208438724
0.04780080902855843
0.04778546397574246
0.048058089916594326
0.04851339606102556
0.048346969997510314
0.047059788019396365
0.04502844507806003
0.04486339504364878
0.04545778501778841
0.04611563193611801
0.04605840891599655
0.04588570294436067
0.04626566905062646
0.04544743895530701
0.04581791604869068
0.04549340205267072
0.04570758400950581
0.045302500016987324
0.04551773692946881
0.045302740996703506
0.0458684490295127
0.0468901110580191
0.04138605098705739
0.04165442998055369
0.04152664996217936
0.04156449902802706
0.04185187793336809
0.04811377706937492
0.04251215700060129
0.04129362804815173
0.04169260896742344
