0.5553633610252291
0.5826888249721378
0.5861307079903781
0.5995266169775277
0.6072738899383694
0.5693609609734267
0.5608857440529391
0.6611693579470739
0.583209624979645
0.6006972549948841
0.6328387630637735
0.5958930820925161
0.5511017419630662
0.575230127084069
0.6059699410106987
0.5791375159751624
0.6578375420067459
0.5911213119979948
0.5951848920667544
0.5909827060531825
0.5970112340291962
0.5847843899391592
0.5789967590244487
0.64166705601383
0.5899871289730072
0.6137830429943278
0.5756806540302932
0.5582643719390035
0.5805521020665765
0.6090750190196559
0.633509139996022
0.7162579650757834
0.5898092429852113
0.6052754420088604
0.5966737259877846
0.5979612489463761
0.589443388977088
0.5950945079093799
0.5796907170442864
0.5778351949993521
0.6004443250130862
0.6064225659938529
0.5872647989308462
0.6666715330211446
0.5908197500975803
0.6462692819768563
0.6144003809895366
0.6116375890560448
0.5877332939999178
0.6154513700166717
0.6033317230176181
0.6239430150017142
0.5970189680811018
0.5954785039648414
0.6005533300340176
0.5976482799742371
0.6027841489994898
0.6018852569395676
0.6130821390543133
0.6223922710632905
0.5927627460332587
0.6108208280056715
0.6092206520261243
0.5919899670407176
0.586009987979196
0.602512261015363
0.5799736969638616
0.6042293959762901
0.594286906067282
0.6090208019595593
0.6051677949726582
0.6822034339420497
0.588788099004887
0.6340143730631098
0.5972236749948934
0.6360419490374625
0.5918670770479366
0.5767396510345861
0.6427106900373474
0.5729837079998106
0.5877002429915592
0.5979653249960393
0.5803462399635464
0.5873622490325943
0.5652917829575017
0.5609519110294059
0.5623704709578305
0.5600227189715952
0.564124708995223
0.5723983810748905
0.5982746729860082
0.5372231219662353
0.5455901180393994
0.5562865099636838
0.5377224700059742
0.5559816029854119
0.5584206150379032
0.5583037679316476
0.5369200330460444
0.5822694110684097
