0.040383946849033237
0.04090735409408808
0.04397163703106344
0.04496502410620451
0.04039101907983422
0.04027430713176727
0.040128723019734025
0.04050566488876939
0.04039861517958343
0.04026216990314424
0.04028905485756695
0.040664936881512403
0.040373974945396185
0.04055004799738526
0.04027401399798691
0.04071260616183281
0.040251334896311164
0.04031450697220862
0.040719578973948956
0.04005148890428245
0.04006520705297589
0.04060356109403074
0.04097508988343179
0.040616533951833844
0.04063843097537756
0.04024380608461797
0.04082787991501391
0.04052569600753486
0.04018181702122092
0.04029623279348016
0.04054058506153524
0.041835219133645296
0.04064535186626017
0.040207778103649616
0.040432466892525554
0.04074002802371979
0.04162114602513611
0.04024871299043298
0.04050263506360352
0.04029860417358577
0.040650007082149386
0.040636562975123525
0.04080038797110319
0.04043203010223806
0.04358507809229195
0.03924955194815993
0.03934947308152914
0.04646156309172511
0.03699692082591355
0.03705131006427109
0.03706182795576751
0.037034692941233516
0.0373238711617887
0.03700520400889218
0.037207036977633834
0.03696331102401018
0.037074764957651496
0.037090694066137075
0.036902636056765914
0.03707568906247616
0.037100177025422454
0.0369436121545732
0.03700380795635283
0.037056615110486746
0.04467796511016786
0.04079550690948963
0.04052997496910393
0.04058531601913273
0.040459122974425554
0.040854354156181216
0.04084934713318944
0.04122784314677119
0.0402961818035692
0.04014099109917879
0.04099305998533964
0.040497414069250226
0.04008991178125143
0.04053831798955798
0.04142469819635153
0.04050503997132182
0.04042653110809624
0.04126450000330806
0.04092894890345633
0.04109624307602644
0.045476228930056095
0.03723919717594981
0.03699502605013549
0.037035096203908324
0.037028098944574594
0.037067510886117816
0.03687266097404063
0.037012238055467606
0.03699269308708608
0.03704153001308441
0.037165422923862934
0.036819239147007465
0.036867660004645586
0.03692208183929324
0.03705357783474028
0.037120149936527014
0.03684477414935827
0.043327972991392016
0.04182860301807523
0.04168619494885206
0.04243477084673941
0.041542061138898134
0.04153525712899864
0.04288382385857403
0.04287676909007132
0.041887091007083654
0.041773058008402586
0.04184512607753277
0.04296846897341311
0.042418028926476836
0.04194109793752432
0.04157789400778711
0.04163538897410035
0.042513163993135095
0.041925315046682954
0.041888216976076365
0.0420283330604434
0.041612957837060094
0.04032460111193359
0.03896352299489081
0.0383243840187788
0.03850203310139477
0.03857656288892031
0.03839704394340515
0.03826886392198503
0.038357023848220706
0.03857481083832681
0.03833054704591632
0.038679554825648665
0.03827362204901874
0.03847557003609836
0.03823250299319625
0.03825370501726866
0.03840862796641886
0.03852970385923982
0.03823425201699138
0.03831180208362639
0.04733950807712972
0.03841306595131755
0.03826373093761504
0.038420553086325526
0.03943221620284021
0.03837354714050889
0.038346777902916074
0.03851446299813688
0.03834017808549106
0.03830733988434076
0.03874982800334692
0.03844132786616683
0.03872360405512154
0.038247958989813924
0.03839495615102351
0.03832495189271867
0.03832220006734133
0.03833690192550421
0.03848093911074102
0.03856418188661337
0.038239261135458946
0.03855114383623004
0.03827603696845472
0.03863533399999142
0.03823944693431258
0.0473958479706198
0.03860448393970728
0.03847303008660674
0.03868134506046772
0.04773215693421662
0.04889551503583789
0.0384055410977453
0.038562732050195336
0.04729118407703936
0.038326483219861984
0.038402789970859885
0.03845203504897654
0.038191864965483546
0.03900899481959641
0.038490741048008204
0.03829405200667679
0.037957592168822885
0.03887553093954921
0.03844043891876936
0.03829338797368109
0.03922805702313781
0.03904015012085438
0.03886141604743898
0.03826282499358058
0.038355047814548016
0.03921454609371722
0.03836260293610394
0.03832653700374067
0.03824623115360737
0.038958384888246655
0.03826575493440032
0.038243144983425736
0.03940626000985503
0.03891543298959732
0.0383285409770906
