0.046842602008837275
0.04726142300933134
0.04701424999802839
0.04657192500599194
0.04788957300479524
0.04814744500617962
0.046843537988024764
0.04774437099695206
0.04666828000335954
0.04650956699333619
0.047703300006105565
0.04730220799683593
0.04726611899968702
0.04653586600034032
0.047038865988724865
0.047529294999549165
0.050100970998755656
0.04789136099861935
0.04660938499728218
0.04751835401111748
0.04614670500450302
0.046783035999396816
0.044506658989121206
0.04485257300257217
0.045547938003437594
0.04420504400331993
0.045136651999200694
0.044226525991689414
0.04347664999659173
0.045940504991449416
0.044257599001866765
0.04373840200423729
0.052002181007992476
0.046289418009109795
0.04446333699161187
0.055369787995005026
0.043932331987889484
0.04904319599154405
0.05018294100591447
0.04545824200613424
0.04620042200258467
0.04256378998979926
0.044328721007332206
0.04452395599219017
0.04550565699173603
0.04415148500993382
0.04457895699306391
0.04458248900482431
0.04438577400287613
0.04574498000147287
0.04465716899721883
0.04385023999202531
0.04421239098883234
0.04421357100363821
0.044632414006628096
0.04393675200117286
0.050086250994354486
0.04469132098893169
0.04393775400239974
0.05084519200318027
0.0467963450064417
0.046125875000143424
0.04509115499968175
0.041320536998682655
0.0442215629882412
0.04609853800502606
0.044188273008330725
0.044828079000581056
0.04617433300882112
0.044498616000055335
0.04576106900640298
0.045422933995723724
0.04474238399416208
0.04456475700135343
0.04626991800614633
0.04450986799201928
0.044303642003796995
0.052838550007436424
0.04419924700050615
0.04515616000571754
0.04957826100871898
0.044320964996586554
0.04474099399521947
0.04795507699600421
0.042697262004367076
0.045906758998171426
0.044042273992090486
0.04395306399965193
0.04388728899357375
0.045311049005249515
0.044452072004787624
0.04471736399864312
0.04441146399767604
0.04399447899777442
0.043491267002536915
0.044364422996295616
0.043562610997469164
0.044893422003951855
0.04446269100299105
0.04424260000814684
