0.4742838530073641
0.4490352110005915
0.42333556299854536
0.5437617160059744
0.4378337849921081
0.47591960200225003
0.4574881759908749
0.4811955049954122
0.4340778159967158
0.5433441999921342
0.444828765001148
0.5052693030011142
0.4475836750061717
0.5121528460003901
0.4385930379939964
0.4686479509982746
0.46706198900938034
0.4857674649974797
0.4317021089955233
0.45562222599983215
0.46859855399816297
0.4975293210009113
0.4996848169976147
0.44358433899469674
0.46857711899792776
0.4444515390059678
0.44141918899549637
0.48232513599214144
0.5322382229933282
0.4684514099935768
0.47691683999437373
0.45242358901305124
0.4727587700035656
0.44832885199866723
0.44257110099715646
0.527890914992895
0.4447805739910109
0.47869704899494536
0.43135934200836346
0.49046078699757345
0.4726196190022165
0.4926028240006417
0.43589483000687324
0.4305543269874761
0.4550336249958491
0.46716666100837756
0.44711420898966026
0.42797755799256265
0.5214060830039671
0.44537561999459285
0.4554991199984215
0.46329508000053465
0.4958403759956127
0.4400261280097766
0.4926271459989948
0.5177338030043757
0.46956195899110753
0.4388809779920848
0.48483673299779184
0.44358996899973135
0.4594438269996317
0.5349199420015793
0.5022147950076032
0.4131226850004168
0.43864956199831795
0.5358462090080138
0.42178584400971886
0.4729307620000327
0.4813302100083092
0.4911957779986551
0.45185729800141416
0.518351637001615
0.46530395599256735
0.44904057700478006
0.43653117600479163
0.5160290909989271
0.45893659300054424
0.48782878401107155
0.44660849100910127
0.44787675800034776
0.5141127040114952
0.4466787699930137
0.44720740099728573
0.42750596499536186
0.4247956629988039
0.4430688279971946
0.43965689299511723
0.43119154499436263
0.4369336630043108
0.4858664189960109
0.43489808100275695
0.44487156000104733
0.48371666499588173
0.4365641990007134
0.5201433350011939
0.42709630700119305
0.5080131949944189
0.4507981899951119
0.5275988820067141
0.44610425501014106
