0.40246615186333656
0.40404783096164465
0.4309012689627707
0.42557451501488686
0.4007984809577465
0.40329532814212143
0.3924848579335958
0.40314224595203996
0.4012454051990062
0.40012061689049006
0.40066711604595184
0.40684069599956274
0.4033175278455019
0.3999793650582433
0.4007773131597787
0.40090714301913977
0.39865474007092416
0.4002359351143241
0.4099647970870137
0.3977303928695619
0.3995088990777731
0.40046544605866075
0.4028007769957185
0.4038196378387511
0.40300689497962594
0.3993576210923493
0.4021208758931607
0.39732159092091024
0.40009725582785904
0.3985526179894805
0.40502134803682566
0.4079349199309945
0.40361946378834546
0.4017564330715686
0.40184547496028244
0.404411826049909
0.4066497669555247
0.3977378490380943
0.3962955179158598
0.3996644720900804
0.4020197589416057
0.40212980890646577
0.40270273201167583
0.3980143959634006
0.4192998150829226
0.3888884908519685
0.3954743552021682
0.48696571099571884
0.3766686418093741
0.37754484009929
0.37741288891993463
0.3772547119297087
0.38096267310902476
0.379586149007082
0.3763949510175735
0.3759624669328332
0.3819787360262126
0.37730910908430815
0.3770352420397103
0.37720255297608674
0.37657058890908957
0.3757902451325208
0.3774059668648988
0.3753357829991728
0.45003298413939774
0.3995599669869989
0.39752278476953506
0.4020015290006995
0.4038063648622483
0.39960994315333664
0.4012752550188452
0.4020248290617019
0.3993605519644916
0.4015971361659467
0.4017507547978312
0.39510440710000694
0.39670333499088883
0.39967237412929535
0.40647531021386385
0.39943845104426146
0.40059567615389824
0.4005551578011364
0.399535764940083
0.40275410609319806
0.4257069039158523
0.373462543124333
0.3749519360717386
0.3750202180817723
0.37450431496836245
0.37513425783254206
0.37231440702453256
0.37681424687616527
0.37663575913757086
0.3734760971274227
0.3756120530888438
0.3728101139422506
0.3726256131194532
0.37618806096725166
0.3789830869063735
0.37544107995927334
0.37698218901641667
0.4178208499215543
0.4027637259569019
0.4333768889773637
0.4367579899262637
0.407667474122718
0.40726859914138913
0.4380208528600633
0.445140081923455
0.40821961616165936
0.40909206005744636
0.4376494400203228
0.40613674302585423
0.40794873191043735
0.4101525489240885
0.40517984703183174
0.4356508459895849
0.40753706614486873
0.4090011690277606
0.4102405358571559
0.41487080603837967
0.4215480589773506
0.42760191997513175
0.42007592390291393
0.41723173297941685
0.4192169080488384
0.4162118989042938
0.3838781958911568
0.41807530797086656
0.4194672650191933
0.41732559190131724
0.38234770321287215
0.38735420699231327
0.4112834690604359
0.41738323005847633
0.4109227031003684
0.41729637514799833
0.44702596799470484
0.4192134188488126
0.3847325670067221
0.38616271293722093
0.4634857550263405
0.3852416779845953
0.38227772410027683
0.4208170080091804
0.5072550980839878
0.41466138302348554
0.42127311998046935
0.3878943908493966
0.442066912073642
0.42041538492776453
0.3883517738431692
0.4182487509679049
0.41710119997151196
0.4183653979562223
0.42047214205376804
0.42200953396968544
0.3823729269206524
0.38743684301152825
0.3891195501200855
0.4207560399081558
0.384486525086686
0.42076267790980637
0.4210146479308605
0.4203945999033749
0.39052064903080463
0.45917948614805937
0.4126880739349872
0.3888713570777327
0.3909952971152961
0.4291921809781343
0.4795778018888086
0.42135570710524917
0.42132023093290627
0.436328454175964
0.4101969972252846
0.38650775514543056
0.42115779290907085
0.4348306350875646
0.4557506130076945
0.4196815809700638
0.38802700699307024
0.4098344959784299
0.4220098208170384
0.4225414930842817
0.42015198594890535
0.44668453582562506
0.4217434411402792
0.42402752907946706
0.42452482506632805
0.42169672390446067
0.4215413930360228
0.38617079495452344
0.4187038568779826
0.4242226060014218
0.39171313983388245
0.3870930739212781
0.41262937197461724
0.42204897105693817
0.4143827809020877
0.3862073579803109
