0.04603036702610552
0.04425473802257329
0.04470442305319011
0.0437528770416975
0.044726829044520855
0.04487974499352276
0.04500162601470947
0.04562081105541438
0.04441271407995373
0.044956132071092725
0.04397076403256506
0.04606475296895951
0.04479438497219235
0.04592660395428538
0.04405181901529431
0.044370730058290064
0.042201320989988744
0.040666264947503805
0.04085807397495955
0.04266768996603787
0.0409072550246492
0.041316636954434216
0.044893805985338986
0.04055653605610132
0.040984648978337646
0.04105213703587651
0.04143509501591325
0.04106121195945889
0.0410579809686169
0.041029319050721824
0.040903796907514334
0.04166103003080934
0.040658876998350024
0.04081820696592331
0.04238878202158958
0.04190553305670619
0.040659592021256685
0.04089443595148623
0.04123463900759816
0.04075067490339279
0.04081159096676856
0.04080803703982383
0.04086509393528104
0.04076937003992498
0.041001800913363695
0.04109626903664321
0.04130046698264778
0.04076631902717054
0.04113150294870138
0.04116026102565229
0.042012490099295974
0.04099803394638002
0.0410378270316869
0.04093955107964575
0.04133767099119723
0.04164587799459696
0.041009360924363136
0.04084280109964311
0.0417788369813934
0.04164468392264098
0.04113899392541498
0.040575805003754795
0.04112759593408555
0.041528578964062035
0.0402364480542019
0.040993202943354845
0.04156013298779726
0.041436701896600425
0.04082615999504924
0.04127052996773273
0.04153935390058905
0.041538806981407106
0.040731427958235145
0.04121647193096578
0.04124765808228403
0.04171574499923736
0.04366937710437924
0.04471061390358955
0.04565514193382114
0.0447127700317651
0.04381422000005841
0.04455053899437189
0.04497700894717127
0.04508795705623925
0.04460704093798995
0.044155623065307736
0.04462276096455753
0.044558334979228675
0.04425221402198076
0.04539764509536326
0.04428461904171854
0.044919076026417315
0.04404167307075113
0.041961194947361946
0.04198156204074621
0.04877664998639375
0.04089138691779226
0.04083913401700556
0.04124620696529746
0.040768580976873636
