0.7144512359518558
0.6825265879742801
0.6971491150325164
0.6841827270109206
0.6968033290468156
0.6855313129490241
0.6878460040315986
0.6899801470572129
0.6847578920423985
0.6934489350533113
0.6866273049963638
0.6926447899313644
0.6843632078962401
0.7002042520325631
0.6831985090393573
0.682779481052421
0.660090422956273
0.6614671669667587
0.6629699260229245
0.6771802000002936
0.6687353710876778
0.6942426989553496
0.6809533260529861
0.6610782890347764
0.6604745329823345
0.665029969997704
0.6690894030034542
0.6680286909686401
0.6605408999603242
0.6608794130152091
0.6598490909673274
0.6594774660188705
0.6614962120074779
0.6565870769554749
0.7007070319959894
0.6653443169780076
0.6610532150371
0.6558569939807057
0.6627652669558302
0.6872296869987622
0.6573487999849021
0.6578933630371466
0.6714678739663213
0.6614880079869181
0.6613688269862905
0.6723634169902653
0.6645133050624281
0.6736956499516964
0.6657884540036321
0.6554364740150049
0.6623642250197008
0.6565295399632305
0.6678398220101371
0.6575090260012075
0.6758984780171886
0.6688539040042087
0.6575489710085094
0.6588660570560023
0.6767619330203161
0.6829750629840419
0.6614616849692538
0.6565285819815472
0.7011927289422601
0.659820965025574
0.6534045930020511
0.6633693819167092
0.6616920450469479
0.691175622981973
0.6606895179720595
0.6639203929807991
0.7136015068972483
0.6642875249963254
0.663053220952861
0.6600142049137503
0.6682370010530576
0.692360503016971
0.6987668720539659
0.6875698278890923
0.7055582049069926
0.6917564820032567
0.6953167810570449
0.6861544289859012
0.697222025017254
0.6907754819840193
0.6911217899760231
0.6854817520361394
0.6975350989960134
0.689739633933641
0.6871290770359337
0.6909693200141191
0.689182783011347
0.6881154930451885
0.6898637850536034
0.6832841970026493
0.6647364690434188
0.7409246189054102
0.6628043539822102
0.670820415019989
0.6664567599073052
0.6757241309387609
