0.13706972892396152
0.18379948614165187
0.18774596811272204
0.18078549904748797
0.1808294910006225
0.18780962191522121
0.18063997407443821
0.1801816241350025
0.18198525486513972
0.18060270510613918
0.18052768101915717
0.18068834394216537
0.1865141959860921
0.18073092913255095
0.1805623120162636
0.18043706193566322
0.18128815107047558
0.18049912992864847
0.1809263660106808
0.18080320698209107
0.14569996390491724
0.17907926999032497
0.18127992702648044
0.1807879889383912
0.18043006397783756
0.18005870399065316
0.18062016600742936
0.18125747586600482
0.1812370370607823
0.18056284310296178
0.1806631339713931
0.18106344691477716
0.18877569399774075
0.1665820290800184
0.18304913491010666
0.18117441702634096
0.18063742714002728
0.18012458900921047
0.18063133396208286
0.1801530800294131
0.18158526020124555
0.18066512211225927
0.18054164107888937
0.1801739518996328
0.1810618620365858
0.18044885410927236
0.18092286121100187
0.18084449786692858
0.1809210879728198
0.18097773403860629
0.18132150312885642
0.1814686639700085
0.18074648990295827
0.18164314492605627
0.18573120515793562
0.12747260695323348
0.16382208792492747
0.1675190390087664
0.1623336779884994
0.1642473458778113
0.1631366468500346
0.16364137292839587
0.16111720306798816
0.16469819704070687
0.166258845012635
0.12538502691313624
0.12692009704187512
0.16255031595937908
0.16228613606654108
0.16636326699517667
0.1646339821163565
0.1670907901134342
0.16789992596022785
0.16480446513742208
0.1621984930243343
0.16509882011450827
0.16262931609526277
0.16313583892770112
0.1630094009451568
0.16608996805734932
0.16024527698755264
0.165644695982337
0.1635048589669168
0.16780861397273839
0.18319312389940023
0.18118591886013746
0.18086530989967287
0.18047546106390655
0.18166706012561917
0.1809205859899521
0.18147534085437655
0.1810672499705106
0.18045628699474037
0.180625949986279
0.1796250978950411
0.1800207330379635
0.18025796487927437
0.18119345395825803
0.18093574210070074
0.18075246294029057
