0.041927251033484936
0.043816059827804565
0.04691088106483221
0.0469816280528903
0.041736037004739046
0.04241327801719308
0.04168176231905818
0.04165362473577261
0.0416884352453053
0.04170211497694254
0.04169208789244294
0.041965499985963106
0.04192745592445135
0.04177790880203247
0.04189526801928878
0.04167055198922753
0.04167554713785648
0.04167072242125869
0.04170984262600541
0.041749642696231604
0.04203238571062684
0.042283186223357916
0.0417404561303556
0.04531045677140355
0.038414502050727606
0.0383917260915041
0.0383018241263926
0.038423619233071804
0.03910072986036539
0.04095147084444761
0.03827779507264495
0.037679039873182774
0.038233967032283545
0.03955988399684429
0.03833864815533161
0.03836819622665644
0.038177893962711096
0.03817177191376686
0.03870155429467559
0.038275593891739845
0.038924346677958965
0.03705437295138836
0.03839353704825044
0.03870471380650997
0.03832071693614125
0.0379305649548769
0.03832451766356826
0.039038932882249355
0.039435965940356255
0.038718147203326225
0.03837613994255662
0.038351116701960564
0.038410878740251064
0.03864416712895036
0.03892383957281709
0.038283667992800474
0.03890882711857557
0.03818241786211729
0.047914881724864244
0.04593545105308294
0.038542114198207855
0.03919503325596452
0.04082956304773688
0.038189807906746864
0.03894766792654991
0.03824847284704447
0.04752969276160002
0.0394747001118958
0.03878947766497731
0.038364886306226254
0.03942745225504041
0.038677244912832975
0.03859597397968173
0.038301264867186546
0.03835317026823759
0.03841635677963495
0.03832299401983619
0.03828759118914604
0.04507204005494714
0.0417822846211493
0.04176120972260833
0.04172339476644993
0.045011905021965504
0.04182945331558585
0.041831112932413816
0.04151629935950041
0.04167207004502416
0.0417543975636363
0.041729691438376904
0.04171746876090765
0.041520929895341396
0.041951844934374094
0.04174647806212306
0.041631695814430714
0.04165196279063821
0.042024313006550074
0.041937101632356644
0.04308996582403779
0.04171239770948887
0.04162509785965085
