0.9528816849924624
0.8556356820045039
0.804082726011984
0.7718058750033379
0.7303623339976184
0.7585741340008099
0.769165822013747
0.7467431190016214
0.7400457430048846
0.8055750229978003
0.7833360339864157
0.9671483729907777
0.9004254350147676
0.8264390839904081
0.7529601250134874
1.0004404420033097
0.9102627349784598
0.9271752060158178
0.9547809560026508
0.8570837849983945
0.7756657260179054
0.7307542819762602
0.844964678020915
0.7867414929787628
0.7605105700204149
0.7509474699909333
0.7542726359970402
0.9129832299950067
0.7692693819990382
0.7311167900043074
0.9376352579856757
1.0179915099870414
0.9491351879842114
0.7735904379806016
0.9592885599995498
0.8525744200160261
0.7956901920260862
0.9697540820052382
0.9729575359961018
0.9106170469895005
0.8750140699848998
0.9226526179991197
0.9655767289805226
0.9936065420042723
1.0036892619973514
0.9380282860074658
0.7394821980269626
0.7995488150045276
0.8160352409759071
0.8437352490145713
0.9869808410003316
0.7754749440064188
0.8804805869876873
0.7206654350156896
0.7428881750092842
0.9069626300188247
0.9736322099925019
0.8059855350002181
0.7418860780016985
0.8398926399822813
0.7517988219915424
0.8501084349991288
0.7439275660144631
0.7437720590096433
0.7584435750031844
0.8404819569841493
0.9557019070198294
0.7868279310059734
0.766268470993964
1.0049858060083352
0.8031856199959293
0.8836265779973473
0.8882657319772989
0.9622914840001613
0.7627751379914116
0.749101941997651
0.8656789409869816
0.7907840830157511
0.8884542390005663
0.9486653909843881
0.9536658749857452
0.9597545200085733
1.0088924480078276
0.8166672670049593
0.9829140399815515
0.9855171979870647
1.0253782370127738
0.9274193680030294
0.9025994669937063
0.9776759129890706
0.9102681439835578
0.8976106850022916
0.9779341109970119
0.9179329499893356
0.7526434169849381
0.9818329320114572
0.9412568639963865
0.9436834099760745
0.9710968129802495
0.9537259089993313
