0.8860716950148344
0.8751913411542773
0.9252192829735577
0.8689811329822987
0.8662570370361209
0.9011024360079318
0.8618791329208761
0.8683300090488046
0.8755978068802506
0.8489833350759
0.8751777049619704
0.8596278799232095
0.9393510550726205
0.8455009430181235
0.8447885680943727
0.8459719941020012
0.8508075519930571
0.860670980066061
0.8405928239226341
0.8423262960277498
0.8170355868060142
0.8692045239731669
0.8648911169730127
0.8587552490644157
0.8548807939514518
0.8514236060436815
0.8704895339906216
0.8243232879322022
0.8558177200611681
0.8465001510921866
0.840859510935843
0.8566203259397298
0.8366524081211537
0.8024477330036461
0.8579448070377111
0.8402745591010898
0.8577323260251433
0.8664052309468389
0.840785478008911
0.8642364949919283
0.8550180261954665
0.8489549760706723
0.8552558240480721
0.8475386810023338
0.8624115260317922
0.856373141054064
0.8499112301506102
0.8636497920379043
0.8378231900278479
0.8446959811262786
0.8636445510201156
0.8642434899229556
0.8308748598210514
0.8594711360055953
0.8861675481311977
0.7192602320574224
0.7912741468753666
0.8827992060687393
0.7830283080693334
0.7899605690035969
0.7906934139318764
0.8012049908284098
0.7916597090661526
0.8013795230071992
0.8033853971865028
0.752183292992413
0.7693799999542534
0.7908479280304164
0.7976664800662547
0.8822009910363704
0.8048838670365512
0.803508338984102
0.8191279019229114
0.7912653300445527
0.7837409959174693
0.7891050800681114
0.7906851200386882
0.782448252895847
0.8022268528584391
0.7962923170998693
0.8759584720246494
0.8132346030324697
0.8155130529776216
0.8808560729958117
0.858175178989768
0.8512950108852237
0.8548281490802765
0.8499445400666445
0.8371945330873132
0.854281357023865
0.8605707078240812
0.8423573540057987
0.8487979350611567
0.855615601176396
0.8435907159000635
0.8493812060914934
0.8507661859039217
0.8467444011475891
0.8674038511235267
0.8592139289248735
