0.4084512311965227
0.4461043858900666
0.5086356792598963
0.44320375472307205
0.40165336104109883
0.4138334300369024
0.40655347518622875
0.4088252130895853
0.42422697227448225
0.40511473594233394
0.41002295073121786
0.40612392919138074
0.40978302201256156
0.43538612592965364
0.4324964703992009
0.4088882887735963
0.4074631379917264
0.4093711753375828
0.40900436881929636
0.43208759278059006
0.4085582229308784
0.4083597930148244
0.4087019949220121
0.4220699677243829
0.4204450477845967
0.4206124097108841
0.38303146604448557
0.4189845980145037
0.41994732478633523
0.44000868778675795
0.4200329538434744
0.45482579385861754
0.3831942160613835
0.4491104641929269
0.4162833448499441
0.384120712056756
0.4228843147866428
0.4189054458402097
0.4135963153094053
0.38514304673299193
0.38525788066908717
0.37392874201759696
0.41576919099316
0.4187834826298058
0.3915825127623975
0.4151505371555686
0.41816181084141135
0.4171404931694269
0.4210936860181391
0.4177422681823373
0.417249389924109
0.38070815801620483
0.41639171494171023
0.4224153799004853
0.44504650961607695
0.37930456176400185
0.4198998352512717
0.4185631047002971
0.44637969182804227
0.45115728210657835
0.4172413321211934
0.41400775220245123
0.45437554689124227
0.4442241438664496
0.419414056930691
0.38267998211085796
0.4592461036518216
0.4523928100243211
0.38710369262844324
0.41982395108789206
0.44238791707903147
0.41580511210486293
0.38369877403602004
0.38336875662207603
0.4154498423449695
0.3866810197941959
0.41706790775060654
0.385202897246927
0.42258709901943803
0.40272869262844324
0.4095179298892617
0.41036296682432294
0.42335068294778466
0.41222480731084943
0.4273452488705516
0.42921646498143673
0.43580119078978896
0.40452013770118356
0.4043616773560643
0.42863583099097013
0.4309253189712763
0.409545942209661
0.4058636920526624
0.4346910701133311
0.40488771069794893
0.44788040267303586
0.41384614584967494
0.4443640289828181
0.40769930789247155
0.4063242911361158
