0.15355083701433614
0.1782152550003957
0.1955795230169315
0.18951006297720596
0.19095981700229459
0.19311185801052488
0.19151492699165829
0.19267281002248637
0.19498546700924635
0.19224523499724455
0.19845141700352542
0.1515797509928234
0.1979279080114793
0.14737356500700116
0.19226071401499212
0.19382792699616402
0.13093112900969572
0.12928365901461802
0.1290571489953436
0.19097178999800235
0.19140765999327414
0.15222787598031573
0.13100315199699253
0.18117877500480972
0.19091418501920998
0.14196665698545985
0.1474026700016111
0.19398573899525218
0.16416713100625202
0.18137937600840814
0.1955772710207384
0.18938168298336677
0.18923278799047694
0.19542382200597785
0.18309193101595156
0.15372068400029093
0.19074315199395642
0.14222054497804493
0.18994679098250344
0.18714471999555826
0.1499748729984276
0.1909779849811457
0.1930127369996626
0.15362922797794454
0.18975853300071321
0.1933666119875852
0.17561440699500963
0.14738651498919353
0.14324625398148783
0.1906740950071253
0.13154051400488243
0.1886355089955032
0.13141679900581948
0.14742550399387255
0.1361554480099585
0.12942187100998126
0.13516879300004803
0.19971919199451804
0.16006049799034372
0.1808180979860481
0.19110577600076795
0.14891290399827994
0.18967277300544083
0.1925023469957523
0.1921536699810531
0.19671913198544644
0.19208294598502107
0.13037346900091507
0.19304175997967832
0.12830987499910407
0.13924659899203107
0.12825012000394054
0.1432178679970093
0.17610409800545312
0.17047738400287926
0.19349075100035407
0.1555263469927013
0.12974760399083607
0.13234757399186492
0.13382586601073854
0.14549327600980178
0.12750167399644852
0.1301851439930033
0.19176616400363855
0.1919391059782356
0.19208488400909118
0.16021149800508283
0.13019187399186194
0.19461424101609737
0.19196556601673365
0.1947891859745141
0.1911587460199371
0.13274393501342274
0.14992618802352808
0.19215145902126096
0.127536757994676
0.19277385697932914
0.19196525300503708
0.1922079169889912
0.19310632001725025
