0.24968906400317792
0.2390949139953591
0.23251575099129695
0.16408799099735916
0.21549288599635474
0.23684987699380144
0.1738282239966793
0.23679608500970062
0.17142859799787402
0.21440633299062029
0.2499272050044965
0.16796650299511384
0.16639565899095032
0.1719737490057014
0.2463385989976814
0.17432150499371346
0.22526206000475213
0.2275754699949175
0.18005382499541156
0.25508336498751305
0.2095161119941622
0.2535389920085436
0.18743903799622785
0.250623974003247
0.24944871899788268
0.22353217798809055
0.21896253000886645
0.19495003399788402
0.22503272599715274
0.2494841070001712
0.23255172300559934
0.22984068300866056
0.25037501299811993
0.25205414299853146
0.2497026250057388
0.26250432500091847
0.22972824099997524
0.23165987800166477
0.19631444799597375
0.23874293100379873
0.2484482439904241
0.2514454490010394
0.24927505500090774
0.23051937400305178
0.22566014699987136
0.15963265499158297
0.22962752600142267
0.2298547120008152
0.2297233160061296
0.2280005840002559
0.24957713500771206
0.25039133000245783
0.2486533729970688
0.2498333650000859
0.2287637609988451
0.25917535899498034
0.24329905500053428
0.16668166300223675
0.23371832200791687
0.23262419800448697
0.2328040980064543
0.2536914489901392
0.2338762110011885
0.23098140599904582
0.22736069299571682
0.24822587599919643
0.1656112570053665
0.23188155799289234
0.2276875219977228
0.24364131699257996
0.22388415000750683
0.24682335500256158
0.2503645940014394
0.24798958499741275
0.22774274399853311
0.22446616299566813
0.2605893399886554
0.24999740900238976
0.22118702200532425
0.24774866199004464
0.2289285289880354
0.23023446499428246
0.20444831099302974
0.24875467599486
0.2523203549935715
0.17350333000649698
0.24952536000637338
0.22814426600234583
0.24886668400722556
0.2272473969933344
0.22804675699444488
0.22404945301241241
0.22994211499462835
0.24787509300222155
0.16590896699926816
0.24880559400480706
0.24431580200325698
0.2265628400054993
0.2278245070046978
0.23141389800002798
